 -9.42  -9.40590954
 -9.39  -9.36817269
 -9.35  -9.33043584
 -9.31  -9.29269899
 -9.27  -9.25496214
 -9.24  -9.21722529
 -9.20  -9.17948844
 -9.16  -9.14175160
 -9.12  -9.10401475
 -9.09  -9.06627790
 -9.05  -9.02854105
 -9.01  -8.99080420
 -8.97  -8.95306735
 -8.93  -8.91533050
 -8.90  -8.87759365
 -8.86  -8.83985681
 -8.82  -8.80211996
 -8.78  -8.76438311
 -8.75  -8.72664626
 -8.71  -8.68890941
 -8.67  -8.65117256
 -8.63  -8.61343571
 -8.59  -8.57569887
 -8.56  -8.53796202
 -8.52  -8.50022517
 -8.48  -8.46248832
 -8.44  -8.42475147
 -8.41  -8.38701462
 -8.37  -8.34927777
 -8.33  -8.31154092
 -8.29  -8.27380408
 -8.25  -8.23606723
 -8.22  -8.19833038
 -8.18  -8.16059353
 -8.14  -8.12285668
 -8.10  -8.08511983
 -8.07  -8.04738298
 -8.03  -8.00964613
 -7.99  -7.97190929
 -7.95  -7.93417244
 -7.92  -7.89643559
 -7.88  -7.85869874
 -7.84  -7.82096189
 -7.80  -7.78322504
 -7.76  -7.74548819
 -7.73  -7.70775135
 -7.69  -7.67001450
 -7.65  -7.63227765
 -7.61  -7.59454080
 -7.58  -7.55680395
 -7.54  -7.51906710
 -7.50  -7.48133025
 -7.46  -7.44359340
 -7.42  -7.40585656
 -7.39  -7.36811971
 -7.35  -7.33038286
 -7.31  -7.29264601
 -7.27  -7.25490916
 -7.24  -7.21717231
 -7.20  -7.17943546
 -7.16  -7.14169861
 -7.12  -7.10396177
 -7.09  -7.06622492
 -7.05  -7.02848807
 -7.01  -6.99075122
 -6.97  -6.95301437
 -6.93  -6.91527752
 -6.90  -6.87754067
 -6.86  -6.83980383
 -6.82  -6.80206698
 -6.78  -6.76433013
 -6.75  -6.72659328
 -6.71  -6.68885643
 -6.67  -6.65111958
 -6.63  -6.61338273
 -6.59  -6.57564588
 -6.56  -6.53790904
 -6.52  -6.50017219
 -6.48  -6.46243534
 -6.44  -6.42469849
 -6.41  -6.38696164
 -6.37  -6.34922479
 -6.33  -6.31148794
 -6.29  -6.27375110
 -6.25  -6.23601425
 -6.22  -6.19827740
 -6.18  -6.16054055
 -6.14  -6.12280370
 -6.10  -6.08506685
 -6.07  -6.04733000
 -6.03  -6.00959315
 -5.99  -5.97185631
 -5.95  -5.93411946
 -5.92  -5.89638261
 -5.88  -5.85864576
 -5.84  -5.82090891
 -5.80  -5.78317206
 -5.76  -5.74543521
 -5.73  -5.70769836
 -5.69  -5.66996152
 -5.65  -5.63222467
 -5.61  -5.59448782
 -5.58  -5.55675097
 -5.54  -5.51901412
 -5.50  -5.48127727
 -5.46  -5.44354042
 -5.42  -5.40580358
 -5.39  -5.36806673
 -5.35  -5.33032988
 -5.31  -5.29259303
 -5.27  -5.25485618
 -5.24  -5.21711933
 -5.20  -5.17938248
 -5.16  -5.14164563
 -5.12  -5.10390879
 -5.09  -5.06617194
 -5.05  -5.02843509
 -5.01  -4.99069824
 -4.97  -4.95296139
 -4.93  -4.91522454
 -4.90  -4.87748769
 -4.86  -4.83975084
 -4.82  -4.80201400
 -4.78  -4.76427715
 -4.75  -4.72654030
 -4.71  -4.68880345
 -4.67  -4.65106660
 -4.63  -4.61332975
 -4.59  -4.57559290
 -4.56  -4.53785606
 -4.52  -4.50011921
 -4.48  -4.46238236
 -4.44  -4.42464551
 -4.41  -4.38690866
 -4.37  -4.34917181
 -4.33  -4.31143496
 -4.29  -4.27369811
 -4.25  -4.23596127
 -4.22  -4.19822442
 -4.18  -4.16048757
 -4.14  -4.12275072
 -4.10  -4.08501387
 -4.07  -4.04727702
 -4.03  -4.00954017
 -3.99  -3.97180332
 -3.95  -3.93406648
 -3.92  -3.89632963
 -3.88  -3.85859278
 -3.84  -3.82085593
 -3.80  -3.78311908
 -3.76  -3.74538223
 -3.73  -3.70764538
 -3.69  -3.66990854
 -3.65  -3.63217169
 -3.61  -3.59443484
 -3.58  -3.55669799
 -3.54  -3.51896114
 -3.50  -3.48122429
 -3.46  -3.44348744
 -3.42  -3.40575059
 -3.39  -3.36801375
 -3.35  -3.33027690
 -3.31  -3.29254005
 -3.27  -3.25480320
 -3.24  -3.21706635
 -3.20  -3.17932950
 -3.16  -3.14159265
 -3.12  -3.10385580
 -3.08  -3.06611896
 -3.05  -3.02838211
 -3.01  -2.99064526
 -2.97  -2.95290841
 -2.93  -2.91517156
 -2.90  -2.87743471
 -2.86  -2.83969786
 -2.82  -2.80196102
 -2.78  -2.76422417
 -2.75  -2.72648732
 -2.71  -2.68875047
 -2.67  -2.65101362
 -2.63  -2.61327677
 -2.59  -2.57553992
 -2.56  -2.53780307
 -2.52  -2.50006623
 -2.48  -2.46232938
 -2.44  -2.42459253
 -2.41  -2.38685568
 -2.37  -2.34911883
 -2.33  -2.31138198
 -2.29  -2.27364513
 -2.25  -2.23590828
 -2.22  -2.19817144
 -2.18  -2.16043459
 -2.14  -2.12269774
 -2.10  -2.08496089
 -2.07  -2.04722404
 -2.03  -2.00948719
 -1.99  -1.97175034
 -1.95  -1.93401350
 -1.92  -1.89627665
 -1.88  -1.85853980
 -1.84  -1.82080295
 -1.80  -1.78306610
 -1.76  -1.74532925
 -1.73  -1.70759240
 -1.69  -1.66985555
 -1.65  -1.63211871
 -1.61  -1.59438186
 -1.58  -1.55664501
 -1.54  -1.51890816
 -1.50  -1.48117131
 -1.46  -1.44343446
 -1.42  -1.40569761
 -1.39  -1.36796077
 -1.35  -1.33022392
 -1.31  -1.29248707
 -1.27  -1.25475022
 -1.24  -1.21701337
 -1.20  -1.17927652
 -1.16  -1.14153967
 -1.12  -1.10380282
 -1.08  -1.06606598
 -1.05  -1.02832913
 -1.01  -0.99059228
 -0.97  -0.95285543
 -0.93  -0.91511858
 -0.90  -0.87738173
 -0.86  -0.83964488
 -0.82  -0.80190803
 -0.78  -0.76417119
 -0.75  -0.72643434
 -0.71  -0.68869749
 -0.67  -0.65096064
 -0.63  -0.61322379
 -0.59  -0.57548694
 -0.56  -0.53775009
 -0.52  -0.50001325
 -0.48  -0.46227640
 -0.44  -0.42453955
 -0.41  -0.38680270
 -0.37  -0.34906585
 -0.33  -0.31132900
 -0.29  -0.27359215
 -0.25  -0.23585530
 -0.22  -0.19811846
 -0.18  -0.16038161
 -0.14  -0.12264476
 -0.10  -0.08490791
 -0.07  -0.04717106
 -0.03  -0.00943421
  0.01   0.02830264
  0.05   0.06603949
  0.08   0.10377633
  0.12   0.14151318
  0.16   0.17925003
  0.20   0.21698688
  0.24   0.25472373
  0.27   0.29246058
  0.31   0.33019743
  0.35   0.36793427
  0.39   0.40567112
  0.42   0.44340797
  0.46   0.48114482
  0.50   0.51888167
  0.54   0.55661852
  0.58   0.59435537
  0.61   0.63209222
  0.65   0.66982906
  0.69   0.70756591
  0.73   0.74530276
  0.76   0.78303961
  0.80   0.82077646
  0.84   0.85851331
  0.88   0.89625016
  0.92   0.93398701
  0.95   0.97172385
  0.99   1.00946070
  1.03   1.04719755
  1.07   1.08493440
  1.10   1.12267125
  1.14   1.16040810
  1.18   1.19814495
  1.22   1.23588179
  1.25   1.27361864
  1.29   1.31135549
  1.33   1.34909234
  1.37   1.38682919
  1.41   1.42456604
  1.44   1.46230289
  1.48   1.50003974
  1.52   1.53777658
  1.56   1.57551343
  1.59   1.61325028
  1.63   1.65098713
  1.67   1.68872398
  1.71   1.72646083
  1.75   1.76419768
  1.78   1.80193453
  1.82   1.83967137
  1.86   1.87740822
  1.90   1.91514507
  1.93   1.95288192
  1.97   1.99061877
  2.01   2.02835562
  2.05   2.06609247
  2.08   2.10382931
  2.12   2.14156616
  2.16   2.17930301
  2.20   2.21703986
  2.24   2.25477671
  2.27   2.29251356
  2.31   2.33025041
  2.35   2.36798726
  2.39   2.40572410
  2.42   2.44346095
  2.46   2.48119780
  2.50   2.51893465
  2.54   2.55667150
  2.58   2.59440835
  2.61   2.63214520
  2.65   2.66988204
  2.69   2.70761889
  2.73   2.74535574
  2.76   2.78309259
  2.80   2.82082944
  2.84   2.85856629
  2.88   2.89630314
  2.92   2.93403999
  2.95   2.97177683
  2.99   3.00951368
  3.03   3.04725053
  3.07   3.08498738
  3.10   3.12272423
  3.14   3.16046108
  3.18   3.19819793
  3.22   3.23593478
  3.25   3.27367162
  3.29   3.31140847
  3.33   3.34914532
  3.37   3.38688217
  3.41   3.42461902
  3.44   3.46235587
  3.48   3.50009272
  3.52   3.53782956
  3.56   3.57556641
  3.59   3.61330326
  3.63   3.65104011
  3.67   3.68877696
  3.71   3.72651381
  3.75   3.76425066
  3.78   3.80198751
  3.82   3.83972435
  3.86   3.87746120
  3.90   3.91519805
  3.93   3.95293490
  3.97   3.99067175
  4.01   4.02840860
  4.05   4.06614545
  4.09   4.10388230
  4.12   4.14161914
  4.16   4.17935599
  4.20   4.21709284
  4.24   4.25482969
  4.27   4.29256654
  4.31   4.33030339
  4.35   4.36804024
  4.39   4.40577708
  4.42   4.44351393
  4.46   4.48125078
  4.50   4.51898763
  4.54   4.55672448
  4.58   4.59446133
  4.61   4.63219818
  4.65   4.66993503
  4.69   4.70767187
  4.73   4.74540872
  4.76   4.78314557
  4.80   4.82088242
  4.84   4.85861927
  4.88   4.89635612
  4.92   4.93409297
  4.95   4.97182982
  4.99   5.00956666
  5.03   5.04730351
  5.07   5.08504036
  5.10   5.12277721
  5.14   5.16051406
  5.18   5.19825091
  5.22   5.23598776
  5.25   5.27372460
  5.29   5.31146145
  5.33   5.34919830
  5.37   5.38693515
  5.41   5.42467200
  5.44   5.46240885
  5.48   5.50014570
  5.52   5.53788255
  5.56   5.57561939
  5.59   5.61335624
  5.63   5.65109309
  5.67   5.68882994
  5.71   5.72656679
  5.75   5.76430364
  5.78   5.80204049
  5.82   5.83977734
  5.86   5.87751418
  5.90   5.91525103
  5.93   5.95298788
  5.97   5.99072473
  6.01   6.02846158
  6.05   6.06619843
  6.09   6.10393528
  6.12   6.14167212
  6.16   6.17940897
  6.20   6.21714582
  6.24   6.25488267
  6.27   6.29261952
  6.31   6.33035637
  6.35   6.36809322
  6.39   6.40583007
  6.42   6.44356691
  6.46   6.48130376
  6.50   6.51904061
  6.54   6.55677746
  6.58   6.59451431
  6.61   6.63225116
  6.65   6.66998801
  6.69   6.70772485
  6.73   6.74546170
  6.76   6.78319855
  6.80   6.82093540
  6.84   6.85867225
  6.88   6.89640910
  6.92   6.93414595
  6.95   6.97188280
  6.99   7.00961964
  7.03   7.04735649
  7.07   7.08509334
  7.10   7.12283019
  7.14   7.16056704
  7.18   7.19830389
  7.22   7.23604074
  7.25   7.27377759
  7.29   7.31151443
  7.33   7.34925128
  7.37   7.38698813
  7.41   7.42472498
  7.44   7.46246183
  7.48   7.50019868
  7.52   7.53793553
  7.56   7.57567237
  7.59   7.61340922
  7.63   7.65114607
  7.67   7.68888292
  7.71   7.72661977
  7.75   7.76435662
  7.78   7.80209347
  7.82   7.83983032
  7.86   7.87756716
  7.90   7.91530401
  7.93   7.95304086
  7.97   7.99077771
  8.01   8.02851456
  8.05   8.06625141
  8.09   8.10398826
  8.12   8.14172511
  8.16   8.17946195
  8.20   8.21719880
  8.24   8.25493565
  8.27   8.29267250
  8.31   8.33040935
  8.35   8.36814620
  8.39   8.40588305
  8.42   8.44361989
  8.46   8.48135674
  8.50   8.51909359
  8.54   8.55683044
  8.58   8.59456729
  8.61   8.63230414
  8.65   8.67004099
  8.69   8.70777784
  8.73   8.74551468
  8.76   8.78325153
  8.80   8.82098838
  8.84   8.85872523
  8.88   8.89646208
  8.92   8.93419893
  8.95   8.97193578
  8.99   9.00967263
  9.03   9.04740947
  9.07   9.08514632
  9.10   9.12288317
  9.14   9.16062002
  9.18   9.19835687
  9.22   9.23609372
  9.25   9.27383057
  9.29   9.31156741
  9.33   9.34930426
  9.37   9.38704111
  9.41   9.42477796
 -8.80 -11.52336825
 -8.49 -10.69242379
 -8.34  -8.13883834
-11.54 -11.05615929
 -8.40  -8.84430968
-11.12 -10.83712050
 -9.27 -10.55189974
 -8.16 -10.47135364
-11.48  -9.66886282
-11.19 -10.63055604
 -8.10  -8.09538382
-10.06 -10.51622052
 -7.55  -7.98883292
 -8.31  -7.45033566
 -9.41  -7.25135973
 -8.40 -10.19070472
 -9.66  -7.43134163
 -7.03  -8.76975000
 -8.40  -9.02862929
 -6.56  -8.70214130
 -8.51  -6.68488148
 -8.31  -7.62451614
 -5.75  -7.57651559
 -6.47  -7.60028880
 -6.61  -5.77743056
 -7.57  -5.78418990
 -6.95  -6.31231034
 -6.26  -5.14967287
 -4.93  -3.20797040
 -2.78  -3.73018532
 -5.46  -5.32614749
 -5.65  -3.84834665
 -4.77  -4.50321633
 -1.58  -1.10329568
 -1.92  -3.07010691
 -0.62  -1.67892438
 -3.66  -0.19552999
 -0.24  -1.83028656
 -0.59  -2.89966592
 -2.12  -0.20413964
  0.64  -1.00333921
 -0.83  -1.48882136
 -1.79   1.80163686
 -0.05   1.07641767
  1.92   0.05067423
 -0.48   0.44755315
  3.12   1.17090158
  0.58   4.02650789
  2.13   2.67582399
  3.13   3.89562259
  1.36   4.64440447
  4.68   2.09541816
  4.24   2.21167566
  3.65   6.09089305
  5.20   4.72008058
  5.96   4.81266136
  4.92   6.16583853
  6.70   5.24262927
  5.96   5.10930839
  5.92   7.99750664
  6.64   5.96385369
  6.36   4.96821947
  8.43   9.06051841
  5.97   8.27027989
  7.43   8.86566054
  9.52   7.48059392
  8.87   9.65907242
  9.47   9.00455909
  8.33   9.74295955
  7.84   9.31379425
 10.44  10.38390811
  7.52   9.53171831
  7.69   7.72940690
  9.23   8.89768040
  9.09   9.66060100
 11.44   9.98865471
  8.03   8.76385389
  8.76   9.18811785
 11.28   9.36590883
  8.96   9.79798728
 10.63   8.08796844
 11.13  11.57294179
  8.44   8.09468249
  8.54   8.50616653
  8.22   9.66247151
 10.86   9.94259844
  9.24   8.33869720
  8.61  11.03848447
 10.58   9.36243391
  8.63   9.04282698
 11.33   8.23473894
 10.18   8.23568356
  8.30   8.40993884
  8.61   9.01998169
  8.80   8.43204492
  7.94  10.17279426
  8.64   7.24909272
  6.95   6.98483866
  9.47   7.34613582
  8.10   7.44748479
  7.13   8.66460599
  6.37   8.84974450
  7.11   5.54479776
  7.50   7.68013772
  8.08   5.83489611
  8.53   5.25016141
  6.88   5.13132360
  7.96   6.09702340
  5.62   7.22841838
  5.40   6.39096899
  5.51   5.23736132
  5.74   6.34475926
  4.90   2.94609390
  5.27   6.00204062
  4.69   3.82323568
  4.45   3.56759774
  1.62   1.25398231
  1.07   0.80010542
  0.81   1.72004348
  1.95   3.98141809
  1.27   3.51870757
  1.40   1.32724059
  2.48   2.66747666
 -1.09   0.64300305
  0.68  -0.07434123
 -0.37   1.16959613
  0.23   0.91879847
  0.50  -0.83630228
 -0.49  -1.83094463
 -1.58  -0.86582309
 -0.74  -1.81786832
 -3.27  -1.91841160
 -1.12  -1.07857580
 -2.52  -3.02482246
 -3.34  -2.14007827
 -5.02  -2.58124605
 -6.07  -4.40370130
 -2.55  -4.32562797
 -5.24  -5.45233575
 -3.15  -4.73131264
 -6.38  -5.71907980
 -4.16  -5.83958563
 -5.50  -6.12844393
 -7.78  -5.37674161
 -6.76  -4.93642850
 -6.04  -5.21278926
 -5.53  -6.12473710
 -9.31  -7.41005349
 -7.55  -7.97264233
 -7.11  -8.60618932
 -8.26  -6.66864131
 -6.87  -6.75650553
 -9.77  -7.33384735
 -7.53  -7.84326216
 -7.97  -8.52948768
 -9.85 -10.62431082
-10.72 -10.11372818
-10.30  -9.32236201
 -9.74 -10.51336351
-10.34  -9.72077927
 -8.63 -10.86147240
 -9.60  -9.25918801
-10.98  -9.76527172
-10.54 -11.12020097
-11.52  -9.86796234
 -9.18  -8.81468715
 -9.40  -8.40297681
 -8.03  -8.57729116
-10.13  -8.15152564
 -9.92  -7.97296331
 -8.69  -8.14321886
 -9.32  -8.10943172
 -8.93 -11.35326032
 -9.65  -8.11427614
-11.28  -8.39826268
 -8.64  -8.72929727
 -8.78  -8.52324151
 -7.89 -10.21083652
 -8.79  -8.07098459
 -8.72  -7.68565039
 -8.56  -7.62784105
 -6.83 -10.16699998
 -9.20  -8.13220585
 -8.22  -9.65320856
 -6.36  -8.16338866
 -7.93  -9.00422036
 -6.68  -8.24761965
 -8.18  -7.80779587
 -6.72  -4.75557593
 -5.55  -5.65475145
 -5.19  -5.53225068
 -6.57  -6.15843047
 -7.45  -7.33742781
 -5.89  -6.46111973
 -5.74  -3.43349862
 -4.18  -5.83586998
 -3.20  -3.35291967
 -4.92  -3.64149103
 -3.22  -2.76677316
 -2.22  -3.15743398
 -4.49  -1.41177213
 -3.24  -3.65661940
 -0.76  -1.01089873
 -1.97  -1.27874213
 -3.49  -1.56051866
  0.65   0.40192989
 -0.06  -1.67973561
 -0.71   0.64270680
 -1.85   1.47762590
 -1.20   1.54146886
  0.10   1.34835888
  1.59   0.84096777
  1.14  -0.22757692
  0.77   0.42142955
  3.95   0.67063397
  4.48   1.26452194
  2.50   3.73184807
  2.51   4.83824924
  2.77   5.76451809
  2.86   3.05119291
  3.38   5.54229221
  2.94   3.19934348
  6.56   3.27508895
  3.46   4.39482985
  5.96   7.68476436
  6.81   5.29157060
  5.53   8.38962056
  7.35   6.65656167
  6.90   6.18749833
  7.74   9.06389927
  6.35   8.09972638
  7.59   6.82326565
  8.41   8.61879335
  7.28   7.62878554
  9.28   6.83385680
  9.04   9.11110972
  9.48   6.93322703
  7.63   7.00021443
  9.13   7.37259988
 10.17  10.04419225
 10.81  10.29242330
 10.58  10.29217613
  8.53   8.95193219
 11.51   9.52320020
  9.76  11.13901456
 11.44   9.10800427
  8.65   9.77688632
  9.79  10.76676784
  8.51  10.81114616
  9.12   8.56999564
 11.34   9.27019881
  9.42  10.49978759
  9.22   9.64033826
 11.00   9.67406577
  9.74   9.04183731
 11.60  11.30339502
 10.73  10.47144413
 11.34   8.10084767
  7.57  11.40177511
  7.78   8.02420361
  8.13  10.30948117
  7.83   8.12303138
  7.53   8.95726662
  9.84   6.96814837
  8.70   7.30216115
  7.13   7.77825524
  9.16   7.42431627
  6.64   9.81046525
  9.05   8.67032053
  9.32   7.58478980
  6.83   6.82466530
  6.93   4.97898475
  5.26   7.96576922
  6.93   6.05191308
  5.58   4.00359711
  4.33   3.92600156
  6.52   6.34052184
  4.24   4.55225834
  6.12   5.94180422
  3.47   6.18044252
  3.42   3.56368965
  5.36   4.28360930
  3.32   1.81136967
  2.29   4.12124590
  0.77   1.48790642
  1.78   3.94595496
  0.62   3.57988877
  2.88   0.55375825
  1.24   1.67782860
  0.45  -0.32408253
 -0.14   2.30604941
  1.53   0.24269072
 -1.78   1.38139328
 -0.66   0.89789992
 -1.23   0.20894848
 -1.33  -1.98996804
 -3.40  -3.44748862
 -0.51  -2.94364639
 -0.83  -3.10596091
 -2.01  -2.70555877
 -1.54  -2.01844466
 -5.34  -3.37790779
 -2.57  -5.03893589
 -5.17  -4.37232452
 -3.72  -6.34050069
 -6.27  -4.65707197
 -4.70  -6.87675349
 -3.69  -4.77552099
 -6.14  -6.86113646
 -7.97  -7.47178503
 -7.77  -6.71584889
 -7.66  -8.57004229
 -5.36  -8.72128149
 -7.86  -9.20441760
 -7.92  -7.34996182
 -6.78  -6.16372932
 -7.84  -6.27068528
 -9.71  -6.85887489
 -9.68  -7.14820288
 -8.08  -9.84170139
 -8.05 -10.70752513
 -9.97  -9.32525612
-10.71  -9.32632432
 -8.20 -11.16299196
-11.42  -7.87407969
-10.02  -9.44978008
-11.35 -11.44565941
 -8.54  -8.44093473
-10.27  -9.39351482
-10.16  -9.50837706
-11.84  -9.21044476
 -9.90  -8.29157868
-11.73 -10.66913835
-10.74 -10.06545773
-11.62  -9.08144317
 -8.32  -9.11461788
-11.41  -9.13203477
 -8.79 -10.97766106
 -9.61 -10.41408578
-11.74 -10.97077225
-11.48  -9.05247281
 -8.43  -8.89642782
 -7.69  -8.20730816
 -8.68 -11.02369272
 -7.77  -7.55442579
 -9.40  -9.97370717
 -6.92 -10.41489410
 -8.33  -8.47406755
-10.42  -9.32323936
 -9.56  -8.23759594
 -9.67  -9.73656489
 -9.08  -6.17688827
 -7.29  -8.81165938
 -8.59  -6.63410600
 -5.25  -7.67930981
 -5.05  -4.69927135
 -7.05  -4.46472536
 -6.62  -4.60213047
 -7.24  -4.69820572
 -5.97  -3.76750264
 -6.43  -5.34084093
 -5.00  -5.38866239
 -4.56  -6.20312654
 -4.51  -3.63679598
 -2.37  -4.48986137
 -4.59  -2.23309879
 -4.12  -4.79138819
 -3.92  -2.76047033
 -1.29  -2.59171655
 -1.58  -3.45147884
  0.20  -1.22088612
 -1.25  -1.22264591
  0.87  -2.11185829
 -0.47   0.42038789
  0.35  -1.95156730
 -1.84  -1.12247616
  0.38   1.46144104
  2.21   0.53636324
  0.31   2.20847641
  1.89   2.01142949
  0.52   4.17274725
  4.19   3.33163632
  4.29   1.81479465
  1.75   4.44369177
  3.37   2.68262169
  4.74   3.89460090
  5.84   5.84500746
  3.29   4.91166590
  4.41   4.25625972
  4.92   6.34745049
  5.66   3.89370044
  4.42   6.27738426
  4.26   5.53136639
  5.67   7.05327730
  5.37   8.80510484
  8.37   8.99875372
  8.54   8.64121606
  7.42   7.58008965
  6.35   6.81808057
  7.29   9.95940758
  7.25   8.78031442
  6.59   7.79088424
  9.31   8.15136487
  8.80   7.37714462
  9.42   8.82917197
  9.55   7.81891418
 10.73   7.94468380
  7.79   7.67054735
 11.34  10.14638411
 10.46   9.57850563
 10.74   7.79026218
 10.86  11.68442450
  9.51   9.06235405
  9.06  10.61257377
 10.22  10.62044482
 11.51   8.69305799
  9.41   8.74863692
  9.78   8.00925915
 11.39  10.51995798
  9.46   8.21063535
  9.63  10.25634453
  8.46  11.51915323
 11.58  11.53922097
 10.46   9.04128772
  8.09  11.41812998
  8.32  11.09433656
 11.05  10.98321836
  7.38   7.84009646
  7.55  10.79081372
  9.32   8.09500133
  8.53   7.49715642
  9.28   7.35123088
  9.49   9.09948720
  6.56   7.47393032
  6.69   8.42821687
  6.16   6.43790050
  8.11   6.32692023
  6.56   6.09466448
  7.88   6.50388198
  7.64   6.75356275
  8.16   7.15828099
  6.78   6.10974406
  7.54   4.11107363
  4.13   3.22573301
  6.04   3.42671993
  3.55   4.72075799
  2.34   3.78328244
  2.47   3.41902339
  1.80   4.67279239
  3.34   3.86006423
  3.35   4.61031276
  1.14   0.88615003
  3.95   2.66868691
  3.58   0.45872972
  3.42  -0.10923707
 -0.68   0.94049302
  0.08  -0.16251036
 -1.67  -1.68813318
  0.24  -1.01057907
 -0.21   1.33661559
  0.41  -1.32928120
 -2.26  -1.19023781
 -0.15  -1.66768598
 -2.93  -1.60317344
 -1.59  -1.31789249
 -2.46  -4.16368887
 -3.76  -2.14081327
 -1.52  -3.42631721
 -2.75  -3.33947828
 -2.60  -2.28586896
 -4.29  -4.03297754
 -4.58  -5.16216121
 -3.88  -5.48269631
 -7.39  -5.52783498
 -5.92  -4.79424542
 -4.66  -5.94550110
 -7.90  -4.52196647
 -6.85  -7.34050744
 -6.65  -8.72144780
 -7.13  -5.99922079
 -6.01  -8.62899079
 -6.92  -9.12428021
 -8.70  -9.32104298
 -8.22 -10.23186258
 -7.57  -8.14576480
 -9.18  -9.51417823
 -8.07  -8.93265135
 -8.10 -10.57109221
 -7.76  -7.65257143
 -7.84  -7.85328001
-10.32  -9.54103539
-10.96  -9.24062010
-10.62  -8.69518367
 -9.38  -9.98265480
 -8.33 -10.94792517
-11.85 -10.60998765
 -8.37 -11.93097992
 -9.06  -9.40409969
 -9.59  -9.67937552
-10.19 -10.97511954
